#The entries of the given matrix are elements of the finite field GF(2^8) with the primitive polynomial x^8+x^6+x^5+x^3+1.

[x^127	x^147	x^201	x^57	x^191	x^247	x^253	x^78	x^156	x^223	x^114	x^228	x^251	x^239	x^254	x^39 ]
[x^156	x^228	x^247	x^78	x^239	x^201	x^39	x^57	x^127	x^114	x^223	x^147	x^254	x^191	x^251	x^253]
[x^191	x^114	x^254	x^39	x^127	x^251	x^78	x^253	x^239	x^228	x^147	x^223	x^247	x^156	x^201	x^57 ]
[x^78	x^201	x^147	x^156	x^253	x^228	x^191	x^127	x^57	x^251	x^254	x^247	x^223	x^39	x^114	x^239]
[x^147	x^127	x^78	x^247	x^114	x^57	x^254	x^201	x^228	x^239	x^191	x^156	x^39	x^223	x^253	x^251]
[x^57	x^247	x^228	x^127	x^39	x^147	x^239	x^156	x^78	x^254	x^251	x^201	x^114	x^253	x^223	x^191]
[x^223	x^239	x^39	x^254	x^228	x^253	x^247	x^251	x^114	x^127	x^156	x^191	x^78	x^147	x^57	x^201]
[x^239	x^223	x^251	x^253	x^156	x^254	x^57	x^39	x^191	x^147	x^228	x^114	x^201	x^127	x^247	x^78 ]
[x^39	x^251	x^223	x^191	x^57	x^114	x^156	x^239	x^253	x^201	x^247	x^254	x^147	x^78	x^228	x^127]
[x^254	x^253	x^191	x^223	x^201	x^239	x^147	x^114	x^251	x^57	x^78	x^39	x^156	x^247	x^127	x^228]
[x^228	x^156	x^57	x^201	x^223	x^78	x^251	x^247	x^147	x^191	x^239	x^127	x^253	x^114	x^39	x^254]
[x^253	x^254	x^114	x^239	x^78	x^223	x^127	x^191	x^39	x^247	x^201	x^251	x^228	x^57	x^147	x^156]
[x^247	x^57	x^156	x^147	x^251	x^127	x^223	x^228	x^201	x^253	x^39	x^78	x^191	x^254	x^239	x^114]
[x^251	x^39	x^239	x^114	x^247	x^191	x^228	x^223	x^254	x^78	x^57	x^253	x^127	x^201	x^156	x^147]
[x^114	x^191	x^253	x^251	x^147	x^39	x^201	x^254	x^223	x^156	x^127	x^239	x^57	x^228	x^78	x^247]
[x^201	x^78	x^127	x^228	x^254	x^156	x^114	x^147	x^247	x^39	x^253	x^57	x^239	x^251	x^191	x^223]

#To obtain the binary format of the above matrix we have used the following matrix.

[0,0,1,0,0,0,0,1]
[0,0,0,0,1,0,0,0]
[1,0,0,0,0,0,0,0]
[0,0,0,0,1,1,0,0]
[0,0,0,0,0,0,1,0]
[0,0,1,0,0,0,0,0]
[0,0,0,1,0,0,0,0]
[0,1,0,0,0,0,0,0]